203987299434897409,111307215,130,179,"Sun May 20 02:15:36 EEST 2012",0,1,0,0,2,0,0,0,0,11,35,0,0,0
206592641444491264,339338585,511,260,"Sun May 27 06:48:18 EEST 2012",0,0,0,0,0,0,0,0,0,1,11,0,0,1
204046002695581696,66965817,165,207,"Sun May 20 06:08:52 EEST 2012",0,0,0,0,0,0,0,0,1,1,38,0,0,-1
205114577082523649,418177017,529,448,"Wed May 23 04:55:00 EEST 2012",0,0,0,0,0,0,1,0,0,1,18,0,0,0
202511281784225795,103275973,215,110,"Wed May 16 00:30:26 EEST 2012",2,0,0,2,0,0,0,0,0,5,65,0,0,-1
202720984501993473,439945613,244,64,"Wed May 16 14:23:43 EEST 2012",0,0,1,0,1,7,0,0,0,2,36,0,0,1
206928664028389376,459815368,156,16,"Mon May 28 05:03:32 EEST 2012",1,0,0,0,1,1,0,0,0,2,21,0,0,1
204253683645554688,460764494,171,227,"Sun May 20 19:54:07 EEST 2012",0,0,1,0,0,0,0,0,0,1,21,0,0,1
206015593579692033,230629288,1007,935,"Fri May 25 16:35:19 EEST 2012",1,0,0,1,2,0,0,1,12,10,35,0,0,0
202521847236009984,381518817,775,998,"Wed May 16 01:12:25 EEST 2012",1,0,0,0,0,0,0,0,0,5,19,0,0,1
206015224434798592,356547599,288,209,"Fri May 25 16:33:51 EEST 2012",0,0,0,0,0,0,0,0,0,3,32,0,0,-1
203948653050736640,178787896,750,250,"Sat May 19 23:42:02 EEST 2012",0,0,0,0,0,0,0,0,0,1,28,0,0,1
206473947133386754,383971309,172,97,"Sat May 26 22:56:39 EEST 2012",1,0,0,0,0,0,0,0,0,1,39,0,0,0
204360638309470208,292050307,486,553,"Mon May 21 02:59:07 EEST 2012",0,0,1,0,2,0,0,0,0,1,36,0,0,0
205791437000949761,159403324,257,173,"Fri May 25 01:44:36 EEST 2012",1,0,0,1,0,0,0,0,0,0,31,0,0,-1
202548842133078016,42037626,386,516,"Wed May 16 02:59:41 EEST 2012",0,0,0,0,0,1,0,0,2,5,0,0,0,-1
205265769611792384,14230524,136913,32016861,"Wed May 23 14:55:47 EEST 2012",0,0,0,0,0,0,0,0,12112,6,94,0,0,0
204421804071194625,188745613,18,183,"Mon May 21 07:02:10 EEST 2012",0,1,0,0,0,0,0,0,0,13,57,0,0,0
205747678213193728,115494377,199,666,"Thu May 24 22:50:43 EEST 2012",0,0,0,0,1,0,0,0,0,1,29,0,0,0
206901350565560321,29346256,485,601,"Mon May 28 03:15:00 EEST 2012",1,0,0,0,2,0,0,0,1,10,48,0,0,-1
206873487846014976,331160605,1005,1789,"Mon May 28 01:24:17 EEST 2012",0,0,0,0,0,0,0,0,2,5,9,0,0,0
206808732011732993,160979326,407,220,"Sun May 27 21:06:58 EEST 2012",0,0,0,0,0,0,0,0,0,5,62,0,0,1
205938166459404289,255527129,175,140,"Fri May 25 11:27:39 EEST 2012",2,0,0,2,0,0,1,1,0,8,46,0,0,0
205375236374405121,419774125,258,309,"Wed May 23 22:10:46 EEST 2012",0,0,0,0,0,0,0,0,0,0,2,0,0,0
204043179949953024,158835131,306,308,"Sun May 20 05:57:39 EEST 2012",0,0,0,0,0,0,0,0,0,2,24,0,0,-1
206466342633746433,258779593,201,66,"Sat May 26 22:26:26 EEST 2012",0,0,0,0,0,0,0,0,0,1,41,0,0,1
204447221415030784,240075779,207,276,"Mon May 21 08:43:10 EEST 2012",1,0,0,1,1,0,0,1,0,4,30,0,0,-1
205073099920642048,97131876,252,321,"Wed May 23 02:10:11 EEST 2012",1,0,0,1,0,0,0,2,1,2,34,0,0,0
204019163478499329,444300950,219,561,"Sun May 20 04:22:13 EEST 2012",0,0,0,0,0,0,0,0,0,1,28,0,0,0
205327421153624064,183331458,417,467,"Wed May 23 19:00:46 EEST 2012",1,0,0,0,0,0,0,1,0,4,55,0,0,0
204040604605358080,422816335,465,364,"Sun May 20 05:47:25 EEST 2012",2,1,0,1,0,1,0,0,0,9,88,1,0,1
206785843866779650,175984688,1001,874,"Sun May 27 19:36:01 EEST 2012",0,1,0,0,0,0,1,0,0,4,20,0,0,0
204350819632562176,327464566,116,156,"Mon May 21 02:20:06 EEST 2012",0,0,1,1,0,2,0,0,2,5,38,0,0,0
202585277506658304,46880386,174,221,"Wed May 16 05:24:28 EEST 2012",0,0,0,1,0,0,0,0,1,0,20,0,0,-1
204066944880619520,368505749,193,198,"Sun May 20 07:32:05 EEST 2012",1,0,0,0,0,0,0,0,2,5,9,0,0,1
205803529531691009,233088970,251,281,"Fri May 25 02:32:39 EEST 2012",1,0,2,0,1,1,0,0,0,4,60,1,0,1
205069148525568000,262611506,152,131,"Wed May 23 01:54:29 EEST 2012",0,1,0,0,0,0,0,0,0,7,39,0,0,1
204036028846182400,241772136,578,506,"Sun May 20 05:29:14 EEST 2012",0,0,0,0,0,0,0,0,0,2,17,0,0,-1
206954381931843585,23024587,23513,37531,"Mon May 28 06:45:44 EEST 2012",0,0,0,0,2,0,0,0,11,2,27,0,0,-1
205113922854977536,126807076,147,187,"Wed May 23 04:52:24 EEST 2012",2,0,0,2,0,3,0,0,0,17,78,0,0,1
204978233098248193,89699028,471,611,"Tue May 22 19:53:13 EEST 2012",2,0,0,1,0,0,1,0,0,3,75,0,0,-1
202573252575494145,268428736,317,338,"Wed May 16 04:36:41 EEST 2012",0,0,1,1,0,1,0,0,1,1,38,1,0,1
203948568929775617,35296664,121,59,"Sat May 19 23:41:42 EEST 2012",0,0,0,0,0,0,0,1,0,2,22,0,0,0
203914816614694913,226794687,14159,73730,"Sat May 19 21:27:35 EEST 2012",0,0,0,0,0,1,1,0,22,8,37,0,0,1
202631435981570048,256694375,632,126,"Wed May 16 08:27:53 EEST 2012",1,1,0,1,0,0,0,0,0,41,35,0,0,0
204372638515216384,229621605,690,1090,"Mon May 21 03:46:48 EEST 2012",0,0,0,0,0,0,0,0,0,0,4,0,0,0
204293806324068352,303589492,271,62,"Sun May 20 22:33:33 EEST 2012",1,0,0,0,1,0,0,0,0,1,40,0,0,0
205425388103544832,388305062,587,655,"Thu May 24 01:30:03 EEST 2012",0,0,1,0,0,0,0,0,2,2,37,0,0,1
207021081284968448,113699455,68,16,"Mon May 28 11:10:46 EEST 2012",0,0,0,0,0,0,0,0,0,2,14,0,0,1
204128097711304704,192437697,31,26,"Sun May 20 11:35:05 EEST 2012",1,1,0,0,0,1,0,0,0,6,55,0,0,1
203971864375209985,97884478,157,180,"Sun May 20 01:14:16 EEST 2012",0,1,0,0,0,0,0,0,0,15,28,0,0,0
205116170918035456,57512835,289,151,"Wed May 23 05:01:20 EEST 2012",0,1,0,0,0,0,0,0,0,4,13,0,0,0
205920982655971329,260445516,368,398,"Fri May 25 10:19:22 EEST 2012",1,0,0,1,0,0,0,0,0,3,16,0,0,-1
204400614577418241,453586036,682,845,"Mon May 21 05:37:58 EEST 2012",0,0,0,1,0,0,0,0,0,4,21,0,0,0
202534388024623105,64575013,1360,2078,"Wed May 16 02:02:15 EEST 2012",0,0,0,0,0,1,0,0,0,0,14,0,0,1
204889468967198721,570259058,105,63,"Tue May 22 14:00:30 EEST 2012",0,1,0,1,0,1,0,0,0,5,69,0,0,0
204163757662937090,146412329,300,342,"Sun May 20 13:56:47 EEST 2012",0,1,0,0,0,0,0,0,0,9,36,0,0,0
205814510051799040,66593082,219,138,"Fri May 25 03:16:17 EEST 2012",1,0,0,0,0,0,0,0,98,5,25,0,0,0
204205818328006656,157924571,643,290,"Sun May 20 16:43:55 EEST 2012",0,0,0,0,0,0,0,0,0,0,6,0,0,1
202588993907474433,337884293,169,156,"Wed May 16 05:39:14 EEST 2012",1,0,1,1,0,0,0,0,0,0,40,0,0,-1
206721687729881092,547035506,91,81,"Sun May 27 15:21:05 EEST 2012",0,0,0,1,1,0,0,0,0,4,26,0,0,0
206458692227448832,71887066,32,812,"Sat May 26 21:56:02 EEST 2012",0,1,0,0,0,2,0,0,0,12,28,0,0,1
206491240227799042,279380842,193,150,"Sun May 27 00:05:22 EEST 2012",1,0,0,0,0,0,0,0,0,15,9,0,0,-1
206649964993056769,232119321,205,266,"Sun May 27 10:36:05 EEST 2012",2,0,0,0,0,0,0,0,0,3,26,0,0,1
206618476599705600,210773797,136,142,"Sun May 27 08:30:58 EEST 2012",4,0,0,1,2,0,0,0,1,11,63,0,0,-1
205480974975369217,57809912,94,68,"Thu May 24 05:10:56 EEST 2012",0,0,2,1,1,0,0,0,0,2,61,0,0,0
202698846965473280,548112479,305,228,"Wed May 16 12:55:45 EEST 2012",0,1,0,0,0,7,2,0,0,9,18,0,1,-1
205866368606810114,182558301,655,237,"Fri May 25 06:42:21 EEST 2012",1,0,0,0,1,0,0,0,0,1,16,0,0,0
204412714934743041,347331149,305,373,"Mon May 21 06:26:03 EEST 2012",0,1,0,0,0,0,0,0,0,5,17,1,0,1
204401591577616384,220205598,609,439,"Mon May 21 05:41:51 EEST 2012",0,0,0,0,0,0,0,1,0,2,48,0,0,-1
202568609359339520,184754669,296,182,"Wed May 16 04:18:14 EEST 2012",0,0,0,1,3,2,0,0,0,2,81,0,0,-1
205080896980779008,64616136,510,1355,"Wed May 23 02:41:10 EEST 2012",0,0,0,0,0,1,0,0,0,4,29,0,0,-1
204031897838424064,103465418,102,329707,"Sun May 20 05:12:49 EEST 2012",0,0,0,0,1,0,1,0,642,3,31,0,0,-1
203973625978699777,428599667,155,109,"Sun May 20 01:21:16 EEST 2012",0,0,0,0,0,3,0,0,0,9,3,0,0,-1
204345333298376706,52794984,1197,1070,"Mon May 21 01:58:18 EEST 2012",2,0,0,0,2,0,0,0,0,4,46,0,0,1
202550912357642240,153804732,201,446,"Wed May 16 03:07:55 EEST 2012",0,0,0,0,0,0,0,0,1,0,5,0,0,0
205421625351483395,239931799,660,173,"Thu May 24 01:15:06 EEST 2012",1,0,0,0,0,0,0,0,0,5,65,0,0,0
206796728031121411,516930210,195,238,"Sun May 27 20:19:16 EEST 2012",1,0,0,1,1,0,0,0,0,14,29,0,0,0
206627026600329219,390068429,1831,1684,"Sun May 27 09:04:56 EEST 2012",1,0,1,2,0,0,0,0,0,2,67,1,0,-1
202510220562403329,290397272,847,533,"Wed May 16 00:26:13 EEST 2012",1,0,0,0,0,0,0,0,0,4,20,0,0,0
205111452539949057,317197828,532,758,"Wed May 23 04:42:35 EEST 2012",0,0,0,0,0,1,0,0,0,20,39,0,0,0
205424922342854658,94979167,335,664,"Thu May 24 01:28:12 EEST 2012",0,0,0,0,1,0,0,0,0,0,20,0,0,-1
205475824357482496,273089177,165,243,"Thu May 24 04:50:28 EEST 2012",1,0,0,0,0,0,0,0,3,4,97,0,0,0
205469664296439810,263024099,323,304,"Thu May 24 04:26:00 EEST 2012",0,0,0,0,0,0,0,0,1,1,7,0,0,0
206515281894440960,399549185,149,158,"Sun May 27 01:40:54 EEST 2012",0,0,0,0,0,0,0,0,0,8,20,0,0,-1
205781446198181888,104605852,2026,3074,"Fri May 25 01:04:54 EEST 2012",1,0,0,0,0,0,0,0,22,5,53,0,0,1
203915538890633216,43635444,44552,47494,"Sat May 19 21:30:27 EEST 2012",0,0,1,1,1,0,0,0,9,4,56,0,0,0
203963501218234368,216299334,529,2948837,"Sun May 20 00:41:02 EEST 2012",0,0,0,0,0,0,0,0,2873,6,37,0,0,1
203980374559297536,243799343,166,216,"Sun May 20 01:48:05 EEST 2012",0,0,0,0,0,0,0,0,3,1,33,0,0,-1
205522268837789696,300070274,722,778,"Thu May 24 07:55:01 EEST 2012",0,1,0,0,0,0,0,0,3,8,11,0,0,-1
207049783045668864,78184695,533,1349,"Mon May 28 13:04:49 EEST 2012",0,0,0,0,0,0,0,0,1,22,3,0,0,0
206494305957851137,72311177,1511,1410,"Sun May 27 00:17:33 EEST 2012",1,0,0,0,1,1,0,0,0,2,62,0,0,1
206645581945389056,91776693,329,357,"Sun May 27 10:18:40 EEST 2012",0,0,0,0,0,0,0,0,0,0,3,0,0,0
206841917613420544,27966926,355,544,"Sun May 27 23:18:50 EEST 2012",1,0,2,0,0,0,0,0,8607,7,33,0,0,0
202499709397508097,90420314,59,4817605,"Tue May 15 23:44:27 EEST 2012",0,1,2,0,0,2,0,1,1319,12,82,0,0,1
204922138761760771,30689667,84041,138334,"Tue May 22 16:10:19 EEST 2012",0,0,0,0,0,0,1,0,14,1,31,0,0,0
203918525365092353,85656926,285,141,"Sat May 19 21:42:19 EEST 2012",0,1,0,0,0,0,0,0,0,8,33,0,0,0
202585369793921024,489124261,280,385,"Wed May 16 05:24:50 EEST 2012",1,0,0,0,0,1,0,0,0,4,15,0,0,0
205476984552292355,14670341,1101,2347,"Thu May 24 04:55:05 EEST 2012",0,0,0,0,0,0,0,0,2,5,46,0,0,0
203928922881130497,261827965,739,105,"Sat May 19 22:23:38 EEST 2012",0,0,0,0,0,1,0,0,667,6,22,0,0,0
202565161595305984,478252805,85,186,"Wed May 16 04:04:34 EEST 2012",0,1,1,0,0,2,0,0,0,1,31,0,0,1
205554887013044224,549357821,429,1956,"Thu May 24 10:04:38 EEST 2012",1,0,0,0,0,0,0,0,0,2,12,0,0,-1
205038170180550657,554007607,615,726,"Tue May 22 23:51:23 EEST 2012",0,0,0,1,0,0,0,0,2,22,67,0,0,-1
204089514505932800,100711569,251,467,"Sun May 20 09:01:46 EEST 2012",1,0,0,0,0,1,0,0,0,1,22,0,0,1
202655918079479808,58838591,181,179,"Wed May 16 10:05:10 EEST 2012",0,1,0,0,0,0,0,0,0,4,52,0,0,0
204339186457788417,258885469,646,30733,"Mon May 21 01:33:53 EEST 2012",1,0,0,0,1,0,0,1,136,16,83,0,0,0
205417925841133570,29650413,394,361,"Thu May 24 01:00:24 EEST 2012",0,0,1,0,0,1,1,0,1,11,21,0,0,0
204066924093636608,236346828,181,280,"Sun May 20 07:32:00 EEST 2012",1,0,0,0,0,0,1,0,0,0,20,0,0,0
206967188849033216,567901978,459,447,"Mon May 28 07:36:37 EEST 2012",0,0,0,0,0,1,0,0,0,0,24,0,0,0
204925317687676929,402813132,145,125,"Tue May 22 16:22:57 EEST 2012",1,0,0,0,4,0,0,1,1187,5,87,0,0,0
206725307326144512,591266921,265,33,"Sun May 27 15:35:28 EEST 2012",1,0,0,0,0,0,1,0,0,0,19,0,0,0
206873777341083648,44577029,51,23,"Mon May 28 01:25:26 EEST 2012",0,1,0,0,0,0,0,0,0,4,25,0,0,0
205097133043482624,269355316,416,489,"Wed May 23 03:45:41 EEST 2012",0,0,0,0,1,0,0,0,0,1,34,0,0,0
203927438114291712,500453420,608,416,"Sat May 19 22:17:44 EEST 2012",2,0,0,1,1,0,0,1,1,3,89,0,0,0
206446746992263169,250326581,550,6168,"Sat May 26 21:08:34 EEST 2012",0,1,0,0,2,0,0,0,2,6,90,0,0,0
206916478249873409,420653699,0,133637,"Mon May 28 04:15:07 EEST 2012",0,0,0,0,0,0,0,0,219,4,27,0,0,0
202700272823308288,102335402,221,734,"Wed May 16 13:01:25 EEST 2012",1,0,0,0,0,3,0,0,0,2,61,0,0,1
206705510311936000,416530730,231,195,"Sun May 27 14:16:48 EEST 2012",0,0,0,0,0,0,0,0,0,2,24,0,0,-1
204178366637686786,392169185,4,0,"Sun May 20 14:54:50 EEST 2012",0,0,0,0,0,0,0,0,0,0,5,0,0,0
204916765380190208,568001399,1186,497,"Tue May 22 15:48:58 EEST 2012",0,1,0,2,0,0,0,0,0,4,99,0,0,0
204253285350256640,500935988,724,554,"Sun May 20 19:52:32 EEST 2012",0,0,0,0,0,0,0,0,1,1,14,0,0,-1
207040618239762432,187327173,810,890,"Mon May 28 12:28:24 EEST 2012",0,0,0,0,0,1,0,0,0,1,2,0,0,1
205005873393844225,369982335,285,297,"Tue May 22 21:43:03 EEST 2012",1,0,0,0,0,0,0,0,5,11,87,0,0,0
206830475346575361,42106516,177,686,"Sun May 27 22:33:22 EEST 2012",0,0,0,0,0,0,0,0,0,1,33,0,0,0
205420987943108608,511052411,343,331,"Thu May 24 01:12:34 EEST 2012",0,0,0,0,0,0,0,0,0,2,23,0,0,0
205127806059941889,318723167,638,483,"Wed May 23 05:47:34 EEST 2012",0,0,0,2,0,0,0,0,0,1,7,0,0,-1
206592784138899456,24474870,159,298,"Sun May 27 06:48:52 EEST 2012",1,0,0,0,0,1,1,0,0,4,68,0,0,1
205355137185751041,288046008,405,362,"Wed May 23 20:50:54 EEST 2012",1,0,1,2,0,2,0,0,0,3,75,0,0,1
206483967300468737,349696552,8959,12868,"Sat May 26 23:36:28 EEST 2012",0,0,0,0,0,0,0,1,0,19,61,0,0,0
203677181929459713,276724016,7337,57486,"Sat May 19 05:43:19 EEST 2012",0,1,0,0,0,0,0,0,243,4,33,0,0,0
204024465028419585,252756541,497,556,"Sun May 20 04:43:17 EEST 2012",0,0,0,1,0,2,1,0,0,2,35,0,0,-1
206887949923655682,297138252,403,560,"Mon May 28 02:21:45 EEST 2012",0,0,0,0,0,0,0,2,0,31,32,0,0,1
204024751700721664,296052778,562,900,"Sun May 20 04:44:26 EEST 2012",0,0,0,2,0,0,0,0,2,0,42,0,0,-1
204014813762957312,422409557,369,331,"Sun May 20 04:04:56 EEST 2012",0,0,0,0,0,1,0,0,0,1,32,0,0,0
206574920543633408,522621257,183,195,"Sun May 27 05:37:53 EEST 2012",0,0,0,0,0,0,0,0,0,5,62,0,0,-1
204935153192144897,337140693,351,384,"Tue May 22 17:02:02 EEST 2012",0,0,0,0,0,0,0,0,0,19,0,0,0,1
205868706981621761,191225411,290,538,"Fri May 25 06:51:39 EEST 2012",0,0,0,0,1,0,0,0,2,2,92,0,0,0
202608719790477312,406717354,100,108,"Wed May 16 06:57:37 EEST 2012",1,0,0,0,0,0,0,0,0,2,37,0,0,0
204259761447911424,224826880,180,188,"Sun May 20 20:18:16 EEST 2012",0,0,0,1,0,0,0,0,1,3,11,0,0,-1
204959195009794048,109505337,204,383,"Tue May 22 18:37:34 EEST 2012",1,0,0,0,0,0,0,0,0,1,26,1,0,1
203947864320249858,178620795,705,67,"Sat May 19 23:38:54 EEST 2012",1,0,1,1,0,0,1,0,0,4,27,0,0,-1
204401637861756928,253351419,1977,1080,"Mon May 21 05:42:02 EEST 2012",1,0,1,0,0,0,0,0,1132,4,42,0,0,1
203942114051096576,102043576,462,155,"Sat May 19 23:16:03 EEST 2012",1,0,0,0,0,0,0,0,1,0,22,0,0,1
205035115905159171,95240650,44,41,"Tue May 22 23:39:15 EEST 2012",0,0,0,0,0,0,0,0,0,4,35,0,0,0
204023034611384321,112672704,611,303,"Sun May 20 04:37:36 EEST 2012",2,1,0,0,0,0,2,0,0,9,56,0,0,1
205467884552589313,24883373,981,650,"Thu May 24 04:18:55 EEST 2012",1,1,0,0,0,0,0,0,0,6,38,0,0,0
205383371638050818,325413040,2800,3481,"Wed May 23 22:43:06 EEST 2012",0,0,2,0,0,0,0,0,49,0,36,0,0,0
205950766438039553,25395273,615,631,"Fri May 25 12:17:43 EEST 2012",6,0,0,0,0,0,1,1,0,19,76,1,0,1
205799796395622400,380630976,306,137,"Fri May 25 02:17:49 EEST 2012",1,0,0,2,1,0,0,0,5041,2,87,0,0,0
205389895538180097,481358244,239,100,"Wed May 23 23:09:01 EEST 2012",0,0,1,0,0,0,0,0,0,0,17,0,0,1
204001308053733378,392271335,678,101,"Sun May 20 03:11:16 EEST 2012",0,0,0,0,0,0,0,0,0,0,5,0,0,-1
204310210452537346,414089931,393,416,"Sun May 20 23:38:44 EEST 2012",0,0,0,1,0,0,0,0,1,1,35,0,0,-1
204415749077467136,494583213,480,54767,"Mon May 21 06:38:07 EEST 2012",0,0,0,1,0,0,0,0,325,6,90,0,0,0
203984453352169472,565675651,859,6739,"Sun May 20 02:04:18 EEST 2012",0,1,0,0,0,0,0,0,10,11,65,0,0,0
204031289047785472,561611370,475,306,"Sun May 20 05:10:24 EEST 2012",0,0,0,0,0,0,0,0,0,0,21,0,0,1
204009822545387520,285266292,428,472,"Sun May 20 03:45:06 EEST 2012",0,1,1,1,1,0,0,0,0,10,60,0,0,0
204975347425492995,420051688,350,251,"Tue May 22 19:41:45 EEST 2012",1,0,1,1,0,0,0,0,1,4,73,0,0,0
205008960426754050,456949245,405,34,"Tue May 22 21:55:19 EEST 2012",2,0,0,1,0,0,0,0,1,16,83,0,0,0
205016158066311168,232666270,90,175,"Tue May 22 22:23:55 EEST 2012",1,0,1,1,0,0,0,0,1361,6,81,0,0,0
204113422013575168,20462239,643,841,"Sun May 20 10:36:46 EEST 2012",1,1,0,0,0,3,0,0,0,7,42,0,0,0
205503083193712640,255713490,654,213,"Thu May 24 06:38:47 EEST 2012",0,1,1,0,0,2,0,0,0,6,28,0,0,1
205783686313029632,504803498,692,317,"Fri May 25 01:13:48 EEST 2012",0,0,0,0,0,0,0,0,1,0,33,0,0,1
206809390446161920,396904679,1989,689,"Sun May 27 21:09:35 EEST 2012",1,0,1,3,0,0,0,0,3483,12,21,0,0,0
205867144192335873,161831984,341,619,"Fri May 25 06:45:26 EEST 2012",1,0,0,0,0,0,0,0,77,6,67,0,0,0
204109424900575232,512897185,1992,657,"Sun May 20 10:20:53 EEST 2012",0,1,0,0,0,0,1,0,0,27,19,0,0,0
204189088033677312,207950470,1027,911,"Sun May 20 15:37:26 EEST 2012",0,1,0,0,0,0,0,0,11,22,80,0,0,-1
206704616996478976,274614864,234,505,"Sun May 27 14:13:15 EEST 2012",0,0,0,0,0,0,0,0,0,1,44,0,0,0
202556713461760000,4824301,601,1629,"Wed May 16 03:30:58 EEST 2012",0,0,0,0,0,0,0,0,1,3,48,0,0,0
203691387642855425,115088073,2939,147380,"Sat May 19 06:39:45 EEST 2012",0,1,0,2,0,0,0,0,358,11,70,0,1,0
204395510038147074,321111691,316,512,"Mon May 21 05:17:41 EEST 2012",0,0,0,0,0,0,0,0,0,5,36,0,0,-1
204321019102625794,292224129,770,438,"Mon May 21 00:21:41 EEST 2012",1,0,0,0,0,0,0,0,0,4,15,0,0,0
205013448403320832,19616799,517,1338,"Tue May 22 22:13:09 EEST 2012",1,0,0,0,0,0,0,0,0,8,26,0,0,-1
206713659601334273,99675482,444,485,"Sun May 27 14:49:11 EEST 2012",0,0,0,0,0,0,0,0,0,2,14,0,0,-1
204317411921506305,69652036,413,21035,"Mon May 21 00:07:21 EEST 2012",1,0,3,0,0,2,0,0,0,11,43,0,0,0
204280212899373056,165593609,614,876,"Sun May 20 21:39:32 EEST 2012",1,0,0,0,1,0,0,0,3,4,63,0,0,-1
203990180732993537,390364929,109,57,"Sun May 20 02:27:03 EEST 2012",0,0,1,0,1,0,0,1,0,2,43,0,0,0
205827453875257344,261860843,248,291,"Fri May 25 04:07:43 EEST 2012",1,0,0,0,0,0,1,0,0,1,18,0,0,0
205288168126283776,367073641,330,369,"Wed May 23 16:24:48 EEST 2012",0,0,0,2,0,0,0,0,3,12,62,0,0,-1
204970406392766466,446035374,1,1,"Tue May 22 19:22:07 EEST 2012",1,0,0,3,0,0,0,0,2,7,89,0,0,-1
206848089661771776,105726521,18956,56284,"Sun May 27 23:43:22 EEST 2012",0,0,0,0,1,0,2,0,211,7,80,0,0,0
204215590968238083,61973769,230,661,"Sun May 20 17:22:45 EEST 2012",2,1,0,0,0,1,0,0,0,4,48,0,0,0
204106908792143872,456989694,2582,2324,"Sun May 20 10:10:53 EEST 2012",0,0,0,0,0,0,3,0,3,3,36,0,0,0
206665622246010880,67253093,451,474,"Sun May 27 11:38:18 EEST 2012",1,0,0,0,0,0,0,0,0,3,60,0,0,-1
204077034496991232,417702018,155,310,"Sun May 20 08:12:11 EEST 2012",0,0,0,1,0,0,0,0,4,1,71,0,0,0
197762302282440704,166739404,63,4650885,"Wed May 02 21:59:41 EEST 2012",1,0,0,0,0,0,0,0,2453,13,82,0,0,0
201452560182280193,84279963,2916,7515101,"Sun May 13 02:23:27 EEST 2012",2,0,0,0,0,2,0,0,24053,5,32,0,0,0
204410173018746880,240420049,319,338,"Mon May 21 06:15:57 EEST 2012",0,0,2,1,0,0,0,0,0,1,18,0,0,0
204944040834236416,357588650,621,968,"Tue May 22 17:37:21 EEST 2012",0,0,0,2,0,1,0,0,1,6,43,0,0,-1
206754369675329536,272533780,1847,1251,"Sun May 27 17:30:57 EEST 2012",1,0,1,0,0,0,0,0,2554,5,54,0,0,0
206565940727513088,29073662,827,1472,"Sun May 27 05:02:12 EEST 2012",1,0,0,2,0,0,0,0,0,10,69,0,0,-1
204957911678582785,539336445,38,47,"Tue May 22 18:32:28 EEST 2012",0,1,0,0,0,0,0,0,2,2,25,0,0,0
206892626379685888,556082764,401,301,"Mon May 28 02:40:20 EEST 2012",1,0,0,0,3,0,0,0,3,2,59,0,0,0
204002139016675329,545494723,604,724,"Sun May 20 03:14:34 EEST 2012",1,0,0,1,1,0,0,1,1,4,88,0,0,0
202628248180498432,242123161,297,303,"Wed May 16 08:15:13 EEST 2012",1,0,0,0,0,0,0,0,1,3,17,0,0,0
202549156303212544,83995820,210,70,"Wed May 16 03:00:56 EEST 2012",1,0,0,0,0,0,0,0,0,22,10,0,0,1
202605443867082752,225310837,693,719,"Wed May 16 06:44:36 EEST 2012",1,0,0,0,0,0,0,0,0,6,29,0,0,0
206490191333040128,591244421,4,0,"Sun May 27 00:01:12 EEST 2012",1,1,0,0,0,0,0,0,0,10,44,0,0,0
204385737272082433,28942876,138,127,"Mon May 21 04:38:51 EEST 2012",0,0,0,1,0,0,0,0,0,1,25,0,0,0
204194623684481024,292394039,228,177,"Sun May 20 15:59:26 EEST 2012",0,0,0,1,0,0,0,0,0,3,61,0,0,1
206951237638303745,246581588,168,188,"Mon May 28 06:33:14 EEST 2012",0,0,2,1,2,0,0,1,1,2,60,0,0,1
205831371107733505,364517994,354,121,"Fri May 25 04:23:17 EEST 2012",0,0,2,0,0,1,0,0,0,3,77,1,0,1
204362879045079040,27921338,1860,100589,"Mon May 21 03:08:01 EEST 2012",1,2,0,0,0,2,0,0,41,12,83,0,0,0
206779632039624704,42916779,239,2612,"Sun May 27 19:11:20 EEST 2012",0,0,0,1,1,0,0,0,0,1,32,0,0,-1
205766382091112448,29537319,53,593791,"Fri May 25 00:05:03 EEST 2012",0,0,0,1,0,0,0,0,459,1,50,0,0,0
205381825537908739,181347252,553,567,"Wed May 23 22:36:57 EEST 2012",2,0,0,1,0,0,0,0,1,9,14,0,0,0
205414453058093057,289545524,1034,411,"Thu May 24 00:46:36 EEST 2012",0,0,1,0,0,1,0,0,0,2,53,0,0,1
202682803618451456,399101650,183,240,"Wed May 16 11:52:00 EEST 2012",1,0,0,1,0,0,0,0,0,0,85,0,0,0
204334965004054529,380178751,106,23,"Mon May 21 01:17:06 EEST 2012",0,0,0,0,0,3,0,0,0,24,40,0,0,-1
202688470139928577,491129527,291,151,"Wed May 16 12:14:31 EEST 2012",1,0,1,2,0,0,4,0,0,7,69,0,0,-1
203832227317022720,426097607,184,3493,"Sat May 19 15:59:24 EEST 2012",0,0,2,1,0,1,0,0,100,15,62,0,0,0
202666512958492672,95518015,0,59,"Wed May 16 10:47:16 EEST 2012",0,1,0,0,0,0,0,0,0,18,55,0,0,0
204378187306766338,230978706,972,2037,"Mon May 21 04:08:51 EEST 2012",2,0,0,0,0,0,0,0,1,3,29,0,0,1
205492482287472640,169211965,815,631,"Thu May 24 05:56:40 EEST 2012",1,0,0,2,2,0,0,0,1,2,70,0,0,-1
204268967773208576,175773155,434,1502,"Sun May 20 20:54:51 EEST 2012",1,0,0,0,0,0,0,0,0,3,21,0,0,0
206819801975373824,15402411,289,301,"Sun May 27 21:50:57 EEST 2012",0,0,0,0,0,0,0,0,1,1,36,0,0,-1
205448443974524930,20173049,577,174,"Thu May 24 03:01:40 EEST 2012",0,0,0,0,0,0,0,0,5097,8,30,0,0,0
206657959525236736,378724489,358,345,"Sun May 27 11:07:51 EEST 2012",0,1,0,0,0,0,0,0,0,8,78,0,0,0
206997500928851969,105119490,2717,8240128,"Mon May 28 09:37:04 EEST 2012",1,1,0,0,0,1,0,0,16555,7,40,0,0,0
206024741113430018,396260882,528,542,"Fri May 25 17:11:40 EEST 2012",1,0,0,0,0,1,0,0,1,7,36,0,0,0
204014318893793281,425950700,404,530,"Sun May 20 04:02:58 EEST 2012",1,0,0,0,0,0,0,0,0,0,22,0,0,1
205502152037240833,501141187,477,486,"Thu May 24 06:35:05 EEST 2012",0,0,0,0,0,0,0,0,0,1,11,0,0,1
202731193496641537,138544826,638,741,"Wed May 16 15:04:17 EEST 2012",1,0,0,0,0,0,0,0,0,2,10,0,0,0
206899480010829826,281621761,811,847,"Mon May 28 03:07:34 EEST 2012",7,0,0,0,0,0,0,0,1,23,66,0,0,0
206811420678037504,201771159,482,496,"Sun May 27 21:17:39 EEST 2012",1,0,3,2,0,1,1,0,0,9,80,0,0,0
206025760446750720,111229369,132,212,"Fri May 25 17:15:43 EEST 2012",0,0,0,0,0,0,0,0,0,1,27,0,0,0
205026685467365376,251861916,387,476,"Tue May 22 23:05:45 EEST 2012",4,0,0,0,0,0,0,0,1,33,68,0,0,0
206468393509990400,79712597,707,288,"Sat May 26 22:34:35 EEST 2012",0,0,0,0,0,2,0,0,0,2,17,0,0,1
204046069926072320,574734019,74,11,"Sun May 20 06:09:08 EEST 2012",0,0,0,0,0,0,0,0,0,2,4,0,0,0
204215095922921473,287338859,153,543,"Sun May 20 17:20:47 EEST 2012",0,0,0,0,0,1,0,0,0,1,6,0,0,1
206644129172701184,329953296,164,504,"Sun May 27 10:12:54 EEST 2012",1,0,0,0,0,0,0,0,2,1,20,0,0,1
204035022074806272,328508574,1112,470,"Sun May 20 05:25:14 EEST 2012",0,1,0,0,0,0,0,0,0,4,15,0,0,0
206919411267944448,369602930,258,449,"Mon May 28 04:26:46 EEST 2012",0,1,0,0,0,0,0,0,1,11,30,0,0,0
204401302254530560,401371542,247,381,"Mon May 21 05:40:42 EEST 2012",0,0,0,0,0,0,0,0,0,9,0,0,0,1
205113715866075136,397369990,437,629,"Wed May 23 04:51:35 EEST 2012",0,0,0,0,1,0,0,0,1,3,96,0,0,0
202522031718268928,178646703,645,931,"Wed May 16 01:13:09 EEST 2012",0,0,0,0,0,1,0,0,0,5,15,0,0,-1
204126600382521344,221180261,202,297,"Sun May 20 11:29:08 EEST 2012",1,0,0,0,0,24,0,0,0,8,75,0,0,1
204441483619745794,544642823,339,213,"Mon May 21 08:20:22 EEST 2012",1,0,0,0,0,0,0,0,3,8,45,0,0,0
206448212830195713,164051712,294,33694,"Sat May 26 21:14:24 EEST 2012",1,0,1,0,0,0,0,1,68,5,56,1,0,0
206986687925071872,233911068,0,3,"Mon May 28 08:54:06 EEST 2012",0,0,0,0,1,0,0,0,0,1,11,0,0,0
206731456381321216,317349603,3701,4653,"Sun May 27 15:59:54 EEST 2012",0,0,0,0,0,0,0,0,0,10,32,1,0,1
205826312865198080,500462641,201,423,"Fri May 25 04:03:11 EEST 2012",0,0,0,0,0,0,0,0,0,11,0,0,0,1
206855708317188097,28917347,750,186,"Mon May 28 00:13:38 EEST 2012",1,0,0,0,0,4,0,0,0,6,26,1,0,1
207037270878986240,209708391,2087,8435023,"Mon May 28 12:15:07 EEST 2012",0,2,0,0,0,1,0,0,6352,21,40,0,0,0
203945630450716672,711803,5130,11777,"Sat May 19 23:30:02 EEST 2012",0,0,0,0,0,0,0,0,3,1,15,0,0,1
202728316082470913,27425452,214,647,"Wed May 16 14:52:51 EEST 2012",0,1,0,1,0,6,1,0,0,4,70,0,0,-1
206599264535715840,69738867,620,368,"Sun May 27 07:14:37 EEST 2012",0,0,0,2,1,0,0,1,1,1,99,0,0,0
203978944444235776,386866617,670,690,"Sun May 20 01:42:24 EEST 2012",0,0,0,0,0,0,0,0,1,2,18,0,0,0
202596058289811457,76314837,354,772,"Wed May 16 06:07:19 EEST 2012",0,0,0,0,4,0,0,1,1,5,80,0,0,-1
205293641827233792,15809249,455603,1568144,"Wed May 23 16:46:33 EEST 2012",0,0,2,1,0,0,0,0,2947,2,103,1,0,0
202581066450604035,252196547,117,109,"Wed May 16 05:07:44 EEST 2012",0,0,0,1,0,0,0,0,0,2,50,0,0,0
204081754984820736,27248857,358,399,"Sun May 20 08:30:56 EEST 2012",0,0,0,0,0,1,0,0,0,4,4,0,0,-1
202566610878337024,401482774,90,103,"Wed May 16 04:10:18 EEST 2012",1,0,2,1,0,0,0,0,1,0,28,0,0,0
206575336039776256,490975373,168,172,"Sun May 27 05:39:32 EEST 2012",0,0,0,0,0,0,0,0,1,0,17,0,0,-1
204441882196049920,329812641,569,538,"Mon May 21 08:21:57 EEST 2012",0,0,0,0,0,1,0,0,1,5,63,0,0,0
206546365831069698,549604924,71,28,"Sun May 27 03:44:25 EEST 2012",0,0,0,0,0,0,0,0,0,1,7,0,0,0
206509447458205696,417007509,237,92,"Sun May 27 01:17:43 EEST 2012",1,0,0,0,0,1,0,0,3,14,6,0,0,1
202720315606962177,427369357,732,9816,"Wed May 16 14:21:04 EEST 2012",0,0,2,1,0,0,0,0,3,1,54,0,0,-1
207043017406808065,473514364,102,82,"Mon May 28 12:37:56 EEST 2012",0,0,0,0,0,0,0,0,0,2,36,0,0,-1
205110605005336576,298095254,242,239,"Wed May 23 04:39:13 EEST 2012",1,0,0,0,0,1,0,0,0,7,52,0,0,-1
205851424125485056,67205835,1457,1385,"Fri May 25 05:42:58 EEST 2012",0,0,0,0,0,0,0,0,0,1,17,0,0,1
206615198675632128,547188461,170,432,"Sun May 27 08:17:56 EEST 2012",1,0,0,0,0,0,0,0,1,3,32,0,0,0
202646103391338496,335120162,173,187,"Wed May 16 09:26:10 EEST 2012",3,0,0,0,0,2,0,0,1,4,45,0,0,0
206022337726910465,572023331,245,371,"Fri May 25 17:02:07 EEST 2012",1,0,0,0,0,0,1,0,0,0,17,0,0,0
206915682686877696,314306628,361,709,"Mon May 28 04:11:57 EEST 2012",0,0,0,0,0,0,0,0,3,0,34,0,0,-1
206606587794690049,204106080,203,166,"Sun May 27 07:43:43 EEST 2012",0,0,0,2,0,0,0,0,0,3,54,0,0,-1
204261233673781249,130738665,115,473,"Sun May 20 20:24:07 EEST 2012",0,0,2,0,0,0,0,0,1,1,29,0,0,0
205463224680841217,231928875,1127,1322,"Thu May 24 04:00:24 EEST 2012",0,0,0,0,0,0,0,0,0,2,11,0,0,1
205909267776155648,53711382,97,37,"Fri May 25 09:32:49 EEST 2012",0,0,0,2,0,1,0,0,0,3,50,0,0,-1
205291350546055172,42465008,1963,3037,"Wed May 23 16:37:26 EEST 2012",0,0,0,0,0,0,0,0,3,8,60,0,0,0
205360809537314817,30817647,156,37001,"Wed May 23 21:13:27 EEST 2012",1,0,0,0,0,2,0,0,15,6,94,1,0,1
206932094226669568,337375231,391,543,"Mon May 28 05:17:10 EEST 2012",0,0,0,0,1,0,0,0,2,0,40,0,0,-1
202576356435968002,386087898,88,98,"Wed May 16 04:49:01 EEST 2012",0,0,0,1,0,0,0,0,0,1,18,0,0,1
202514192496984065,57730432,851,184,"Wed May 16 00:42:00 EEST 2012",0,1,0,0,0,0,0,0,0,4,16,0,0,0
204218766035390464,448367139,1341,995,"Sun May 20 17:35:22 EEST 2012",2,0,2,0,0,2,0,0,0,9,95,0,0,1
206678364541558784,132419884,8906,7765,"Sun May 27 12:28:56 EEST 2012",0,1,0,0,0,0,0,0,0,6,24,0,0,0
206538816113213441,302966265,313,306,"Sun May 27 03:14:25 EEST 2012",1,0,2,0,0,0,0,1,53,9,80,0,0,0
205480505251086336,532543615,786,339,"Thu May 24 05:09:04 EEST 2012",0,0,0,1,0,0,0,0,0,1,19,0,0,1
203954432755511296,14338900,896,1715,"Sun May 20 00:05:00 EEST 2012",1,0,0,0,0,0,1,0,0,1,25,0,0,0
204379097542045699,368746525,45,42,"Mon May 21 04:12:28 EEST 2012",0,0,0,0,0,0,1,0,0,1,22,0,0,0
204431182300069888,37584929,671,822,"Mon May 21 07:39:26 EEST 2012",0,0,0,0,0,0,0,0,0,0,10,0,0,1
206932350725140480,27310632,1552,1134,"Mon May 28 05:18:11 EEST 2012",0,0,0,0,0,3,0,0,0,9,7,0,0,1
205117529918685188,157239534,411,461,"Wed May 23 05:06:44 EEST 2012",0,0,0,1,0,0,0,0,0,1,6,0,0,-1
206605006177173505,359593903,1102,1126,"Sun May 27 07:37:26 EEST 2012",0,0,0,0,0,0,0,0,1,22,22,0,0,1
202613144760233984,364833721,93,167,"Wed May 16 07:15:12 EEST 2012",0,1,0,0,0,1,0,0,0,7,35,0,0,0
205466164774715392,256269520,175,291,"Thu May 24 04:12:05 EEST 2012",1,0,0,1,0,0,0,0,2,3,27,0,0,-1
204186063013556224,78930045,165,421,"Sun May 20 15:25:25 EEST 2012",1,0,0,0,0,0,0,0,0,0,33,0,0,0
205419339648737280,299451466,299,1052,"Thu May 24 01:06:01 EEST 2012",0,0,0,0,3,1,0,2,0,5,53,0,0,0
206021482353135616,145576867,705,1390,"Fri May 25 16:58:43 EEST 2012",1,0,1,0,0,0,0,0,0,10,48,0,0,1
205411741801263104,271542162,155,218,"Thu May 24 00:35:50 EEST 2012",0,0,0,2,0,0,0,0,2,0,31,0,0,-1
204371275303497728,452800513,151,606,"Mon May 21 03:41:23 EEST 2012",0,0,0,0,0,0,1,0,19,4,25,0,0,0
206580486468939778,54387487,44,117293,"Sun May 27 06:00:00 EEST 2012",0,0,0,0,0,0,0,0,84,2,59,0,0,0
206876369492258816,199524583,373,438,"Mon May 28 01:35:44 EEST 2012",1,0,1,0,1,0,0,0,2,5,40,0,0,0
205851092821618688,411219060,124,183,"Fri May 25 05:41:39 EEST 2012",0,0,0,0,0,0,0,0,0,1,15,0,0,1
205975780910563328,57295100,267,324,"Fri May 25 13:57:07 EEST 2012",1,0,0,1,1,0,0,0,0,0,48,0,0,-1
206584218812284931,71297990,1078,1305947,"Sun May 27 06:14:50 EEST 2012",0,0,0,0,0,0,0,0,212,2,23,0,0,0
206534438631374848,20261503,6976,44838,"Sun May 27 02:57:02 EEST 2012",0,1,0,1,0,0,0,0,1,4,37,0,0,0
203976717101056001,230860211,405,892,"Sun May 20 01:33:33 EEST 2012",0,0,0,0,0,2,0,0,2,1,23,0,0,1
202641199922823168,156509519,184,161,"Wed May 16 09:06:41 EEST 2012",0,0,0,0,0,0,0,0,1,0,25,0,0,-1
205874081831190528,25100481,243,346,"Fri May 25 07:13:00 EEST 2012",2,0,0,0,0,0,0,1,0,3,74,0,0,0
204190068531920896,14904523,256,325,"Sun May 20 15:41:20 EEST 2012",0,1,0,0,0,1,0,1,0,9,64,0,0,1
204315356691570688,161906248,1409,915,"Sun May 20 23:59:11 EEST 2012",2,0,1,1,0,0,0,0,1,7,56,0,0,0
205470275125510146,200750932,273,429,"Thu May 24 04:28:25 EEST 2012",0,0,0,0,0,0,0,0,0,8,0,0,0,1
204303277075070978,480082704,24,39,"Sun May 20 23:11:11 EEST 2012",0,0,1,0,0,0,0,0,0,1,20,0,0,1
204346289767448576,432078015,695,52,"Mon May 21 02:02:06 EEST 2012",1,0,0,0,0,1,0,0,0,0,20,0,0,1
204370740064169984,48212983,474,2205,"Mon May 21 03:39:16 EEST 2012",0,0,0,1,0,0,0,0,3,1,48,0,0,0
206911291380613120,239473752,548,828,"Mon May 28 03:54:30 EEST 2012",0,0,0,0,0,0,0,0,0,1,19,0,0,0
206800964299141120,353416630,262,505,"Sun May 27 20:36:06 EEST 2012",0,1,0,0,0,0,0,0,1,3,25,0,0,1
203948418123567104,522052087,551,638,"Sat May 19 23:41:06 EEST 2012",1,0,1,0,0,0,0,0,361,12,21,0,0,0
205793362509443073,375887798,223,299,"Fri May 25 01:52:15 EEST 2012",0,0,0,0,0,0,0,0,2,1,17,0,0,0
202579334622478336,453510918,1779,813569,"Wed May 16 05:00:51 EEST 2012",0,0,0,1,0,0,0,0,2551,5,48,0,0,0
202732883729854464,431250809,222,263,"Wed May 16 15:11:00 EEST 2012",0,0,0,0,0,0,0,0,0,2,10,0,0,-1
205870571228114944,395041176,202,208,"Fri May 25 06:59:03 EEST 2012",2,0,0,0,0,0,0,0,0,3,47,0,0,0
204194019541131265,304450531,266,567,"Sun May 20 15:57:02 EEST 2012",0,0,0,0,4,0,0,0,1,5,46,0,0,0
205104347242180609,523886195,59,620,"Wed May 23 04:14:21 EEST 2012",1,0,0,1,2,0,0,0,2,4,76,0,0,-1
204087696887513088,375533712,123,92,"Sun May 20 08:54:33 EEST 2012",3,1,1,0,1,0,0,0,1,8,49,0,0,0
203982857373351936,119290499,1937,1800,"Sun May 20 01:57:57 EEST 2012",0,0,0,0,1,0,0,0,0,3,79,0,0,-1
202578176570957825,195481492,244,78,"Wed May 16 04:56:15 EEST 2012",0,0,0,1,1,1,0,0,0,1,24,0,0,-1
205858218763747328,88586282,156,330,"Fri May 25 06:09:58 EEST 2012",2,0,0,0,0,2,0,0,0,1,34,0,0,1
206843276546940928,180026716,4062,48194,"Sun May 27 23:24:14 EEST 2012",0,0,0,1,0,0,0,0,25,2,30,0,0,-1
205824723383365633,29277393,60,37,"Fri May 25 03:56:52 EEST 2012",1,0,0,1,0,0,0,0,0,3,44,0,0,-1
206630335679709184,23043280,236,71,"Sun May 27 09:18:05 EEST 2012",0,1,0,0,0,0,0,0,0,2,17,0,0,0
205057849179635714,380160106,629,783,"Wed May 23 01:09:35 EEST 2012",1,0,2,1,0,0,0,0,991,12,61,0,0,0
207015787930726401,44733150,672,4560,"Mon May 28 10:49:44 EEST 2012",1,0,0,1,0,0,0,0,0,3,44,0,0,1
204207429091737601,182725624,79,11,"Sun May 20 16:50:19 EEST 2012",1,0,0,0,1,0,1,1,1949,7,80,0,0,0
202552449498746880,24608909,2281,18158,"Wed May 16 03:14:01 EEST 2012",2,0,0,0,0,0,0,0,3,9,69,0,0,0
206645569534443520,32616758,226,104,"Sun May 27 10:18:37 EEST 2012",0,0,0,0,0,0,0,0,0,0,30,0,0,0
206553709893787648,34948696,135,189,"Sun May 27 04:13:36 EEST 2012",0,0,0,0,0,0,0,0,0,1,20,0,0,1
205441050117017600,403700245,430,643,"Thu May 24 02:32:17 EEST 2012",0,0,0,1,0,4,0,0,1,8,19,0,0,-1
202733020992638977,35787166,1993,15207270,"Wed May 16 15:11:33 EEST 2012",0,0,0,0,0,24,0,0,1315,4,71,0,0,1
204330885695275009,458590241,740,901957,"Mon May 21 01:00:54 EEST 2012",0,0,0,1,0,0,0,0,984,2,20,0,0,0
206969654944595968,185135477,1419,668,"Mon May 28 07:46:25 EEST 2012",0,0,0,0,0,0,0,0,0,1,72,0,0,0
204268376405704705,210411706,2940,5522,"Sun May 20 20:52:30 EEST 2012",0,0,1,0,0,0,0,0,0,1,82,0,0,-1
205374003345494017,557343986,31,25,"Wed May 23 22:05:52 EEST 2012",0,0,0,0,0,0,0,0,0,2,38,0,0,0
205904264101502976,451827446,217,249,"Fri May 25 09:12:56 EEST 2012",0,0,0,0,0,0,0,0,0,1,31,0,0,0
206960498623774720,25085801,1142,1900,"Mon May 28 07:10:02 EEST 2012",0,0,0,0,0,0,1,0,0,6,11,0,0,0
205039281096507392,517863237,573,353,"Tue May 22 23:55:48 EEST 2012",0,0,0,0,0,0,0,0,0,1,32,0,0,-1
202548426636922880,538589533,68,37,"Wed May 16 02:58:02 EEST 2012",0,0,0,0,0,0,0,1,0,5,34,0,0,0
206553537856020480,569639035,420,122,"Sun May 27 04:12:55 EEST 2012",0,0,0,0,2,0,0,1,0,2,69,0,0,0
206884082829897728,54749413,405,312,"Mon May 28 02:06:23 EEST 2012",0,0,0,0,0,0,0,0,0,7,18,0,0,1
205854322607661056,588805195,296,219,"Fri May 25 05:54:29 EEST 2012",1,0,0,0,2,0,0,1,1,6,78,0,0,-1
205450327107977216,27570460,47,149,"Thu May 24 03:09:09 EEST 2012",0,0,0,0,0,0,0,0,0,1,8,0,0,0
206886703619784705,35727881,425,577187,"Mon May 28 02:16:48 EEST 2012",0,0,0,0,0,0,0,0,247,1,28,0,0,0
205403963149914112,195608323,2741,11599,"Thu May 24 00:04:55 EEST 2012",0,0,0,1,0,1,0,0,1,2,32,0,0,0
202662545163698176,52337561,482,311,"Wed May 16 10:31:30 EEST 2012",0,1,0,0,0,0,0,0,0,4,33,0,0,0
204131436423421952,98114269,162,1752,"Sun May 20 11:48:21 EEST 2012",0,1,0,0,0,0,0,0,0,12,48,0,0,0
205843526460772352,432304945,245,340,"Fri May 25 05:11:35 EEST 2012",1,0,0,0,0,2,0,1,1,6,40,0,0,1
206985895340015617,65084229,651,577,"Mon May 28 08:50:57 EEST 2012",0,0,0,0,0,0,0,0,0,0,14,0,0,0
206526614887079936,238383345,766,811,"Sun May 27 02:25:56 EEST 2012",0,0,0,2,0,0,0,0,11,2,27,0,0,-1
205847984909455360,355223452,673,378,"Fri May 25 05:29:18 EEST 2012",0,0,0,0,0,0,0,0,0,0,23,0,0,-1
204318057739460609,223917113,102,281,"Mon May 21 00:09:55 EEST 2012",0,0,0,0,1,0,0,0,0,8,25,0,0,-1
205874408806547456,282061203,246,173,"Fri May 25 07:14:18 EEST 2012",0,1,0,0,0,0,0,0,0,16,62,0,0,0
206589267600867328,434383294,469,500,"Sun May 27 06:34:54 EEST 2012",1,0,0,0,0,0,0,0,1,3,16,0,0,-1
206594722100289538,12233812,154,311,"Sun May 27 06:56:34 EEST 2012",0,0,0,0,0,0,0,1,0,3,66,0,0,-1
203941493491253248,215722739,67,13,"Sat May 19 23:13:35 EEST 2012",0,1,0,0,0,0,0,0,0,4,12,0,0,0
204045570732601344,49181658,1264,515,"Sun May 20 06:07:09 EEST 2012",0,0,0,0,0,1,0,0,0,2,26,0,0,0
204059118217076737,323842206,663,529,"Sun May 20 07:00:59 EEST 2012",0,0,0,1,0,0,0,0,0,0,25,0,0,0
204324546487140352,230902413,351,756,"Mon May 21 00:35:42 EEST 2012",1,0,4,0,0,1,0,0,0,4,36,0,0,1
203967279757672449,49613592,233,356,"Sun May 20 00:56:03 EEST 2012",0,0,0,0,0,0,1,0,0,7,91,0,0,1
202517665619771392,431953950,42,137,"Wed May 16 00:55:48 EEST 2012",0,0,0,2,0,1,0,0,0,1,11,0,0,-1
204420612645588994,461735035,119,120,"Mon May 21 06:57:26 EEST 2012",1,0,0,0,0,0,0,0,0,2,49,0,0,0
203957607696838656,246692617,202,243,"Sun May 20 00:17:37 EEST 2012",0,0,0,0,0,0,0,0,0,1,7,0,0,0
205089976554242048,156683129,250,259,"Wed May 23 03:17:15 EEST 2012",0,0,0,1,0,0,0,1,1,1,18,0,0,-1
202118816208130048,76873978,33,579491,"Mon May 14 22:30:55 EEST 2012",0,0,0,0,1,0,0,0,604,1,77,0,0,0
206642507570888705,202898833,394,507,"Sun May 27 10:06:27 EEST 2012",0,0,0,0,0,0,0,0,3,17,0,0,0,1
204187103532302337,322648535,615,168,"Sun May 20 15:29:33 EEST 2012",0,1,1,0,0,0,0,0,0,11,82,0,0,1
203995398686244864,366699352,627,673,"Sun May 20 02:47:47 EEST 2012",0,0,1,0,0,0,0,0,0,1,23,0,0,-1
204286853065609216,368659619,1110,1239,"Sun May 20 22:05:55 EEST 2012",0,0,0,0,0,0,1,0,4,4,2,0,0,1
202494469810036736,148760908,71,1890073,"Tue May 15 23:23:38 EEST 2012",0,0,0,1,1,0,0,0,1121,3,34,0,0,0
205111943281909760,401103608,573,613,"Wed May 23 04:44:32 EEST 2012",0,0,0,0,0,2,0,0,0,14,35,0,0,-1
206517093636648961,353795108,534,1099,"Sun May 27 01:48:06 EEST 2012",0,0,0,0,0,0,0,0,1,1,16,0,0,0
206713454105608193,46059103,5,330,"Sun May 27 14:48:22 EEST 2012",0,1,0,0,0,0,0,0,0,7,81,0,0,1
206535263554502658,162363464,561,611,"Sun May 27 03:00:18 EEST 2012",0,0,0,0,0,0,0,0,0,5,91,0,0,-1
205818594276290560,109171520,284,6259,"Fri May 25 03:32:31 EEST 2012",1,1,0,0,0,0,0,0,69,12,46,0,0,0


