206869046149390338,127964415,1376,624,"Mon May 28 01:06:38 EEST 2012",1,0,2,1,0,0,0,0,55,22,57,0,0,-1
205886655515725824,155805879,293,553,"Fri May 25 08:02:58 EEST 2012",1,0,0,0,0,0,0,0,1,3,37,0,0,1
205109221036007424,278173399,1157,1090,"Wed May 23 04:33:43 EEST 2012",1,0,0,1,0,0,0,0,16,2,62,0,0,-1
206488618506784770,100883065,210,99,"Sat May 26 23:54:57 EEST 2012",0,0,0,0,0,0,0,0,0,0,18,0,0,0
205060902758789120,242598008,296,305,"Wed May 23 01:21:43 EEST 2012",0,0,0,1,1,2,0,1,0,2,72,0,0,-1
204328350737633280,194410962,81,34,"Mon May 21 00:50:49 EEST 2012",0,0,1,0,0,0,0,0,0,5,63,0,0,1
204077443160616960,509552253,128,130,"Sun May 20 08:13:48 EEST 2012",0,0,0,0,0,0,0,0,0,1,5,0,0,0
206921789710934018,319173200,347,172,"Mon May 28 04:36:13 EEST 2012",1,0,0,0,1,0,0,0,980,6,57,0,0,0
207061963325440001,350264081,346,365,"Mon May 28 13:53:13 EEST 2012",1,0,1,0,0,0,0,0,2,4,11,0,0,1
205553867532943360,281451596,465,505,"Thu May 24 10:00:35 EEST 2012",0,0,1,0,0,0,0,1,0,2,42,0,0,-1
205082713215082496,580127659,458,483,"Wed May 23 02:48:23 EEST 2012",1,0,0,0,0,0,0,0,1,7,32,0,0,0
205515934297890817,458838905,246,356,"Thu May 24 07:29:51 EEST 2012",1,0,0,0,2,0,0,0,1,14,11,0,0,-1
203944223718916099,222907377,231,176,"Sat May 19 23:24:26 EEST 2012",0,0,0,0,0,0,0,0,0,14,0,0,0,1
202577702929174532,303468838,387,320,"Wed May 16 04:54:22 EEST 2012",0,0,0,0,6,5,0,0,0,2,19,0,0,-1
206560810800132096,137647333,600,194,"Sun May 27 04:41:49 EEST 2012",0,0,0,2,2,0,0,1,0,1,81,0,0,-1
205495638186663936,347631542,858,859,"Thu May 24 06:09:12 EEST 2012",0,0,0,0,0,0,0,0,0,1,15,0,0,1
206979893278412800,589922229,50,11,"Mon May 28 08:27:06 EEST 2012",1,0,0,0,0,0,0,0,0,0,18,0,0,0
205109535503953921,156528345,561,516,"Wed May 23 04:34:58 EEST 2012",1,0,0,0,0,0,2,0,0,3,25,0,0,0
204251708413575169,531583771,963,714,"Sun May 20 19:46:16 EEST 2012",2,0,1,0,1,1,0,0,0,3,64,1,0,1
202550892828958722,226789056,739,349,"Wed May 16 03:07:50 EEST 2012",1,0,0,0,0,1,0,0,1,31,10,0,0,-1
204917361164292096,388724904,708,377,"Tue May 22 15:51:20 EEST 2012",0,0,0,0,1,0,0,0,0,2,70,0,0,0
206788821776465924,246603018,325,413,"Sun May 27 19:47:51 EEST 2012",0,0,0,1,0,0,0,0,7,1,26,0,0,-1
202515023099199488,21111943,179,238,"Wed May 16 00:45:18 EEST 2012",1,0,0,1,3,0,0,1,1,5,70,0,0,-1
204185668878991361,269427482,765,736,"Sun May 20 15:23:51 EEST 2012",1,0,0,1,2,0,0,1,68,10,63,0,0,-1
205758889269010434,275832503,14,2,"Thu May 24 23:35:16 EEST 2012",0,1,0,0,0,0,0,0,0,17,33,0,0,0
204892073554477056,181858991,818,1224,"Tue May 22 14:10:51 EEST 2012",0,0,0,0,1,1,0,0,1,1,48,0,0,-1
203950183841677314,566696535,767,135,"Sat May 19 23:48:07 EEST 2012",1,0,0,0,0,2,0,0,3,20,10,0,0,-1
204926219198799872,84207170,1196,1221,"Tue May 22 16:26:32 EEST 2012",1,0,0,0,0,0,2,0,0,3,21,0,0,0
205089772195155969,185824981,77,29,"Wed May 23 03:16:26 EEST 2012",0,0,0,0,0,0,0,0,0,6,54,0,0,0
204068542788808705,419191918,366,500,"Sun May 20 07:38:26 EEST 2012",0,0,1,0,1,0,0,0,0,1,62,0,0,0
206829997204320256,220981845,1384,13234,"Sun May 27 22:31:28 EEST 2012",0,1,0,0,0,0,0,0,0,10,30,0,0,-1
202571432109150209,381484061,230,208,"Wed May 16 04:29:27 EEST 2012",1,0,0,0,0,0,0,0,1,7,6,0,0,-1
206516267509747712,292626179,1,460,"Sun May 27 01:44:49 EEST 2012",1,0,0,0,0,0,0,0,0,0,17,0,0,0
204106220318113792,91006356,76,435,"Sun May 20 10:08:09 EEST 2012",0,0,0,0,2,0,0,0,6,2,19,0,0,-1
205105194650976260,378478561,339,569,"Wed May 23 04:17:43 EEST 2012",1,0,0,2,0,0,0,0,2,3,35,0,0,1
204256100504182785,243696258,330,393,"Sun May 20 20:03:43 EEST 2012",0,0,0,0,0,0,0,0,1,2,105,0,0,0
206502367598874625,221856284,272,149,"Sun May 27 00:49:35 EEST 2012",0,0,0,0,0,0,0,0,1,2,15,0,0,-1
204066290418200577,146781702,67,69,"Sun May 20 07:29:29 EEST 2012",0,0,0,1,0,0,0,0,0,1,51,0,0,-1
206000777511174144,115911365,419,431,"Fri May 25 15:36:27 EEST 2012",1,0,0,0,0,4,0,0,1,4,39,0,0,1
205052283199827968,265480749,156,303,"Wed May 23 00:47:28 EEST 2012",1,0,0,0,0,5,0,0,0,0,15,0,0,1
202723077187055617,304347395,517,198,"Wed May 16 14:32:02 EEST 2012",0,1,0,0,0,0,0,0,0,6,70,0,0,0
204332100638359552,381611707,230,228,"Mon May 21 01:05:43 EEST 2012",0,0,0,0,0,0,0,0,0,3,29,0,0,-1
206908493813391362,386923905,376,433,"Mon May 28 03:43:23 EEST 2012",0,0,0,2,0,0,0,0,0,1,13,0,0,-1
206780823603650562,57116336,8692,48104,"Sun May 27 19:16:04 EEST 2012",0,0,0,0,0,0,0,0,3,8,34,0,0,-1
205083845844934656,561684253,97,636732,"Wed May 23 02:52:53 EEST 2012",0,0,2,0,0,0,0,0,731,1,23,0,0,1
204091724799279106,406391487,170,216,"Sun May 20 09:10:33 EEST 2012",2,0,0,0,0,0,0,0,1,29,14,0,0,-1
205099251204755458,383519940,477,575,"Wed May 23 03:54:06 EEST 2012",1,0,0,1,0,0,0,0,1,4,14,0,0,-1
205857975703842817,442341171,257,321,"Fri May 25 06:09:00 EEST 2012",0,0,0,0,0,0,0,0,0,1,39,0,0,1
205523997205606400,232658181,571,755,"Thu May 24 08:01:54 EEST 2012",0,0,0,0,0,0,0,0,2,1,23,0,0,0
202597222976729089,67746515,189,659,"Wed May 16 06:11:56 EEST 2012",2,0,1,0,0,0,0,0,1,7,86,0,0,1
